
200
237
364
674
802
1029
1047
1083
1084
1503
1524
1674
1815
1997
2059
2390
2408
3141
3152
3158
3497
3555
4282
4285
4785
5582
5630
6186
6635
6778
6906
7586
7595
8288
8489
9317
9480
9724
9982
9997
10154
10159
10174
10464
10481
10482
10497
10499
10522
10527
10531
10574
10586
10732
10786
10793
10819
10827
10830
10843
10946
11040
11050
11055
11080
11120
11122
11130
11133
11207
11227
11234
11263
11311
11329
11375
11383
11396
11417
11605
11619
11680
11707
11734
11737
11789
11790
11792
11797
11865
11900
11999
12004
12012
12015
12019
12388
12600
12602
12613
12649
12667
12702
12828
13052
13134
13137
13211
13215
13315
13606
13647
14049
14092
14282
14336
14430
14472
14488
14494
14931
14972
15387
15541
15588
16577
16578
16584
16687
16863
17053
17066
17139
17447
20612
21698
21940
22275
22387
22405
22506
22521
22631
22634
22739
22769
22860
22871
22876
22914
22932
23026
23205
23216
23367
23939
23944
23948
24014
24320
24623
24648
24671
24681
24685
24686
24693
24813
24832
24860
24861
24865
24900
24907
24927
24931
24937
24948
24953
24957
24960
24975
25111
27789
27790
27791
27936
35650
35775
36029
36131
37145
37743
37788
37801
37942
38133
38162
38198
38341
38468
38574
38648
39097
39637
39649
39666
39668
39707
39733
39738
39901
39915
39918
39936
39957
40055
40081
42162
42163
42178
42183
42229
42716
44696
44858
44859
44918
45428
45432
48948
49156
50342
50688
56220
59669
60870
61429
65397
65576
72498
74832
75960
76974
79048
79091
79101
79220
79893
80591
81100
81105
81107
81108
81110
81112
81127
81130
81132
81134
81135
81136
81137
81168
81558
81754
82426
82433
82879
82880
83605
88206
95534
96434
107375
107620
187784
189164
191259
191803
191843
192716
192727
192729
193344
193506
193606
193614
193632
194243
194432
194622
195223
195456
195473
196439
196910
197462
198556
198715
199003
199404
199410
199674
199708
199737
200668
201633
201862
201895
202115
202141
202192
202614
202718
202996
203008
204533
204758
204804
204812
204896
205116
205250
205351
205485
205526
206045
206399
206587
206918
206976
206989
206990
207032
207394
207667
207754
207797
208149
208523
208555
208816
209028
209063
209104
209329
211383
211486
230011
231564
231667
232119
236643
236688
236691
239584
242006
242008
242408
243823
245376
245787
247008
247009
247017
247020
247117
247173
247916
247964
247967
247993
248132
248140
248268
248466
248483
248499
248579
248644
248696
248851
248876
248891
248892
248899
248902
248904
249186
249222
249223
249228
249414
250551
250939
250945
250951
251050
251428
251476
251532
251838
251929
251935
252451
252452
252453
252884
252890
252948
252973
253050
253056
253135
253343
253348
253349
253351
253370
253373
253505
253566
253592
254473
254478
254502
254587
254589
254595
254597
254613
254649
254779
254801
254819
254825
254842
254843
254896
254923
255122
255154
255275
255344
255367
255391
255408
255417
255949
255973
256126
256184
256205
256403
256548
256570
256846
256861
256970
256974
256975
256976
256977
256978
257511
257603
257640
257875
257880
261941
262612
264711
265556
265726
265904
266121
266133
266284
266332
266480
266644
266982
266983
267019
267087
267124
267426
267891
268621
271885
271890
271963
282004
282022
282039
282040
282043
282046
282051
282163
282190
282234
282602
282756
283099
283121
283222
283626
291739
307474
307630
307651
307975
309427
309428
309861
309959
310073
310175
310279
310325
310364
310542
310552
310563
310604
310652
310870
311021
311024
311159
311294
311336
311944
311950
312231
312290
312602
312677
312747
312781
313240
313256
313327
313330
313386
313658
313697
313780
314034
314204
314299
314362
314704
315786
316173
316330
316393
316442
316457
316503
316594
316661
316682
316945
317196
317618
317736
317747
317792
317793
318345
318622
318764
320053
322114
322375
322443
322483
322485
322499
322585
322608
322609
322611
322626
322889
322890
322903
323163
323178
323735
324008
324029
324075
324111
324155
324158
324290
324291
324444
324492
324687
324695
324739
324830
324917
325005
325089
325511
325562
325584
325688
325693
325710
325955
326230
326243
326374
326623
326655
326695
327066
327104
327369
327399
327401
327409
327427
327434
327497
327518
327520
327544
327830
328905
328961
329072
329073
329074
329075
329076
329077
329078
329079
329081
329090
329091
329227
331619
333813
333915
334002
334245
334650
334710
334769
335240
335287
335663
335668
336046
336162
336222
336228
336256
336259
336327
336489
337057
337058
337061
337062
337063
337070
337075
337088
337105
337172
337487
337489
337490
337491
337493
337494
337496
337497
337498
337499
337500
337632
337699
337700
337702
337725
337844
337894
339751
354631
365017
395485
435600
435621
435641
435702
435728
435739
435802
435809
435817
435826
435839
435844
435851
435853
435868
435876
435882
435888
435896
435908
435962
435984
436002
436037
436095
436101
436105
436106
436121
436173
436244
436253
436282
436322
436435
436504
436528
436532
436535
436545
436573
436575
436579
436603
436616
436622
436658
436819
436838
436851
436892
436896
436918
436947
436964
436966
437056
437097
437153
437175
437261
437283
437299
437326
437329
437344
437372
437394
437397
437447
437455
437487
437532
437549
437609
437654
437658
437675
437749
437769
437790
437826
437835
437853
437854
437869
437879
437881
437891
437926
437971
437986
438417
438605
438754
438814
438815
438816
438817
438818
438820
438821
439933
440723
444408
444540
444607
444812
444897
445297
446191
446218
446285
446297
446560
446562
446563
446567
446595
446642
446646
446860
446892
446990
446999
447000
447071
447086
447509
447510
447568
447572
448183
448232
448281
448282
448294
448369
448401
448671
448938
449211
449330
449348
449457
449533
449534
449537
449619
450409
450486
450509
450513
450716
450748
450818
451023
451042
451091
451092
451095
451101
451102
451203
451268
451270
451286
451332
451367
451373
451400
451402
451405
451444
451447
451470
451490
451715
451717
451725
451802
451804
451807
451909
451995
452037
452100
452102
452111
452112
452160
452598
452813
452845
453024
453053
453054
453183
453243
453253
453279
453312
453317
453336
453344
453351
453369
453576
453683
454011
454013
454015
454611
454661
454662
454738
455059
455082
455304
456074
456949
457730
458956
458961
458967
458971
458977
458978
458994
458998
459007
459016
459027
459028
459037
459038
459045
459046
459052
459055
459061
459062
459072
459080
459082
459083
459084
459086
459087
459088
459090
459092
459093
459106
459110
459112
459123
459131
459136
459137
459138
459183
459184
459185
459186
459187
459188
459189
459190
459191
459192
459193
459194
459195
459197
459198
459199
459200
459201
459202
459204
459205
459206
459207
459208
459209
459210
459211
459213
459227
459232
459234
459235
459236
459237
459238
459241
459244
459245
459246
459248
459249
459252
459253
459254
463188
463795
463973
464023
464070
464125
464142
464156
464333
464341
464360
464377
464428
464443
464483
464490
464559
464596
464604
464607
464707
465937
465966
465991
466045
466070
466084
466096
466105
466124
466178
466182
466187
466191
466198
466251
466254
466286
466287
466289
466296
466311
466580
466645
467594
467638
467642
467647
467705
467730
467733
467746
468106
468181
468207
468233
468346
468633
468716
468762
469836
469837
469844
469856
469857
469858
469866
469879
469887
469913
469949
469959
469960
469961
470298
470304
470305
470306
470307
470308
470309
470310
470311
470312
470313
470314
470315
470599
470600
470603
471061
471179
471884
471904
471911
471975
472155
472181
472387
472562
473007
473008
473047
474263
474435
475513
475515
475516
476552
476711
477499
478211
483434
483438
485518
485540
500605
500637
500655
500709
500736
500782
500928
501109
501213
501227
501492
501520
501523
501534
501536
501675
501691
501762
501767
501788
501802
502325
502377
503008
503010
503043
503045
503048
503050
503155
503219
503271
503283
503348
503385
503396
503440
503443
503467
503502
503503
503505
503517
503523
503528
503530
503546
503578
503613
503615
503625
503651
503669
503670
503672
503673
503677
503678
503703
503818
503930
503932
503933
503939
503940
503951
503971
504019
504210
504256
504284
504497
505399
505461
505626
505722
505786
505825
506174
506724
543864
543866
543867
543882
543896
543899
543901
543903
543937
544039
544056
544060
544066
544067
544068
544070
544076
544077
544092
544118
544184
544186
544210
544214
544227
544228
544232
544319
544320
544326
544442
544450
544451
544453
544478
544498
544501
544502
544509
544514
544519
544524
544680
544683
544686
544689
544690
544691
544692
544693
544702
544720
544740
544752
544766
544776
544781
544782
544822
544826
544853
544864
544874
544887
544919
545027
545113
545146
545213
545281
545870
545919
546037
546194
546746
547031
547232
547257
547376
547556
547684
547687
547689
547692
547694
547699
547704
547771
547772
547773
547775
547777
547802
547900
547904
547951
548212
548230
548264
548300
548310
548338
548339
548343
548344
548360
548584
549169
550755
553045
554769
587591
587598
587760
591832
591833
591838
591839
591843
591850
591852
591853
591856
591868
631985
634108
634951
635401
662161
662163
678732
679465
679476
679629
679732
680318
680379
680821
680832
680835
681128
681246
681259
681274
681349
681357
681372
681384
681386
681388
681389
681502
681504
681534
681545
681546
681551
681554
681556
681559
681563
681573
682010
682011
682012
682014
682015
682098
697348
699505
700032
700091
700232
700238
704714
705290
705638
707455
715005
716639
716648
726669
726673
726678
726717
738765
739504
739518
749358
749368
755011
755786
769306
787771
811179
811182
813854
814025
815475
818177
820544
821397
821874
821878
821879
821880
821928
821930
821934
821935
821938


